86
3
75 52 89 
11
24 14 35 38 88 88 17 38 19 76 22 
5
15 93 87 92 68 
3
0 55 57 
8
35 86 47 32 59 77 37 8 
16
53 40 60 77 79 69 81 74 24 35 70 65 46 55 86 89 
16
9 8 8 22 21 48 45 12 57 77 55 74 97 29 18 5 
9
94 5 17 4 58 13 15 41 32 
15
73 91 69 2 29 40 70 6 67 86 7 1 13 32 33 
16
39 76 23 53 16 82 78 71 56 83 17 66 42 63 21 15 
15
18 17 92 60 64 33 90 2 17 15 26 26 53 66 77 
17
59 92 88 53 21 0 35 13 99 35 14 17 84 94 26 92 86 
11
48 59 57 63 79 75 29 56 68 2 58 
9
83 58 72 82 72 85 35 38 85 
12
39 69 27 89 8 22 79 11 0 43 79 47 
17
3 88 40 49 76 57 43 99 26 36 74 3 0 80 83 46 39 
4
81 85 67 53 
1
54 
16
95 83 27 16 0 83 39 13 20 45 52 32 42 82 52 97 
13
99 57 33 48 69 58 18 21 10 24 21 75 56 
1
56 
19
62 95 27 78 38 60 10 43 33 13 57 91 91 28 86 57 58 28 83 
8
74 31 89 9 73 30 23 17 
5
74 75 77 65 34 
6
47 89 43 19 74 4 
10
52 80 0 7 83 19 98 19 35 67 
18
31 87 61 67 0 75 63 74 8 54 28 92 88 45 66 80 48 53 
18
63 17 47 41 74 2 92 50 86 39 82 80 8 33 68 22 94 58 
3
84 15 54 
18
40 82 35 73 11 37 24 91 17 35 58 82 19 0 51 84 25 92 
13
32 9 67 86 54 95 80 37 5 64 33 39 17 
10
59 12 86 20 18 99 53 76 40 65 
7
23 72 29 29 68 45 9 
15
37 72 87 15 87 96 84 22 78 94 17 12 92 50 51 
11
64 71 44 30 93 91 66 12 54 12 20 
6
23 88 38 11 81 37 
2
69 17 
16
92 53 13 95 97 56 48 74 20 72 80 0 56 91 14 14 
13
25 60 9 65 38 56 80 99 53 64 48 39 39 
1
88 
1
24 
3
41 7 79 
6
33 27 85 59 18 83 
15
61 41 49 22 19 67 52 15 48 61 32 34 77 65 94 
17
25 33 13 39 83 12 13 36 28 49 64 83 13 78 77 26 45 
4
9 2 97 87 
19
91 8 21 42 47 26 53 78 96 82 56 69 22 15 35 79 22 57 24 
19
1 9 59 60 11 36 37 27 99 95 61 77 70 69 1 83 84 16 18 
19
63 97 63 90 30 66 5 78 52 8 28 91 17 29 11 64 7 8 88 
6
47 0 84 18 1 29 
2
23 56 
15
45 71 11 9 26 38 13 32 67 16 67 96 47 71 10 
10
63 50 18 94 30 93 36 82 48 8 
12
42 60 4 22 77 59 9 38 7 32 54 93 
5
15 5 60 25 83 
12
89 58 63 76 81 25 85 13 79 69 49 17 
9
74 32 26 17 70 38 48 17 54 
2
11 74 
7
85 15 89 94 89 0 32 
10
94 21 8 52 26 19 87 90 74 4 
1
82 
13
27 76 60 52 65 67 15 18 6 31 94 33 43 
14
34 92 87 51 62 59 97 83 92 87 13 94 65 73 
13
64 45 0 8 74 9 20 26 69 23 32 49 59 
7
46 12 46 46 59 28 65 
10
57 72 49 97 16 51 5 63 48 81 
9
14 15 1 49 78 45 57 71 61 
6
40 44 81 49 11 27 
16
40 70 74 0 27 83 88 1 84 93 58 52 96 18 60 68 
11
83 83 51 32 82 51 70 56 92 93 89 
10
5 82 43 36 44 72 9 71 72 50 
20
63 62 18 86 65 33 22 78 87 57 26 12 58 85 56 87 47 6 96 79 
8
98 94 5 0 78 4 75 90 
8
66 60 39 85 93 48 94 87 
1
39 
17
64 61 93 1 7 59 44 92 17 55 28 84 30 73 78 76 34 
10
76 78 17 86 43 16 92 34 2 56 
20
48 3 34 33 37 9 49 15 66 12 59 98 88 45 84 34 53 97 48 41 
19
81 20 1 66 71 17 71 91 54 17 48 98 24 82 68 70 39 95 94 
5
64 23 0 13 20 
10
84 57 16 11 94 37 79 48 37 63 
18
80 33 4 88 37 74 25 43 84 38 12 98 39 90 23 34 4 77 
6
44 16 40 59 13 31 
17
18 6 28 38 77 37 22 40 28 15 91 19 89 12 5 17 52 
11
6 20 69 11 99 69 6 64 5 60 7 
17
87 22 49 57 79 80 89 38 72 10 75 77 22 26 29 52 2 
